01010100000000000000000000000000000000000000000000
01010100000000000100000000000000000000000000000000
01010100000000000000000000000000000000000101010000
00000000000000000000000000000000000000000000010000
00000000000000000000000000000100000000000000010000
00000000000100000000000000000000000000000000000000
00000000000000000000000000000000000000000000000000
00000000000000000000000000000000000000000000000000
00000000000000000000010000000000000000000000010000
00000000000000000000000000000001000000000000010000
00000000000000010000000000000000000000000101010000
00000000000000000000000000000000000000000000000000
00000000000000000000000000000000000000000000000000
00000000000000000000000000000000000000000000000000
00000000000000000000000000000000000000000000000000
00000000000000000001000000000000000000000000000000
00000000000000000000000000000000010000000000000000
00000000000000000000000000000000000000000000000000
00000000000000010000000000000000000000000000000000
00000000000000000000000000000000000000010000000000
00000100000000000000010000000000000000000000000000
00000100000000000000010000000000000000000000000000
00000101010003000101010000000000000000000000000000
00000000000001000000000000000000000000000000000000
00000000000000000000000000000000000000000000000000
0303
1
1
1
Free Will