00000000000000000000000000000000000000000000000000
00000000000000000000000000000000000000000000000000
00000000000001010100000000000000000100000000000000
00000000000001030100000000000000000000000000000000
00000000000000000000000000000000000000000000000000
00000000000000000000000000000000000000000000000000
00000101000000000000000000000000000000000001010000
00000100000000100000000000000000001100000000010000
00000101000000000000000000000000000000000000010000
00000000000000000000000000000000000000000000010000
00000000000000000000000000000000000000000000010000
00000000000000000000000000000000000000000000010000
00000000000000000000000000000000000000000000010000
00000000000000000000000000000000000000000000010000
00000000000000000000000000000000000000000000010000
00000000000000000000000000000000000000000000010000
00000101000000000000000000000000000000000000010000
00000100000000110000000000000000001000000000010000
00000100000000000000000000000000000000000001010000
00000100000000000000000000000000000000000000000000
00000100000000000000000000000000000001000000000000
00000100000000000101000000000000000000000000000000
00000101010101010101000000000000000000000000000000
00000000000000000000000000000000000000000000000000
00000000000000000000000000000000000000000000000000
0307
1
1
1
 Criss Cross