01000000000000000000000000000000000000000000000101
00000000000000000000000100000000000000000000000001
00000000000000000000000300000000000000000000000000
00000000000000000000000000000000000000000000000000
00000000000000000000000000000000000000000000000000
01000000000000000000000000000000000000000000000000
01010000000000000000000000000000000000000000000000
00070000000000000000090000000010000000000000000000
00000000000000000000000000000000000000000000000000
00000000000000000000000000000000000000000000000000
00000000000000000000000000000000000000000000000000
00001000000000000000000000000000000000000000000008
00000000000000000000000000000000000000000000000008
00000000000000000000000006000000000000000000000000
00000000000000000000000004000000000000000000000000
00000000000000000000000000000000000000000000000000
00000000000000000000000000000000000000000000000000
00000000000000000000000000000000000000000000000000
00000000000000000000000000000000000000000000000000
00000000000000000000000000000000000000000000000000
00000000000000000000050005000000000000000000000000
00000000000000000000000000000000000000000000000001
00000000000000000000000000000000000000000000000001
01000000000000000000000000000000000000000000000001
00000000000000000000000000000000000000000000000101
0303
1
1
0
Wtf!