00000000000000000000000100010000000000000000000000
00000000000000000000000100010000000000000000000000
00000000000000000000000100010000000000000000000000
00000000000000000000000100010000000000000000000000
00000000000000000000000104010000000000000000000000
00000000000000000000000112010000000000000000000000
00000000000000000000000100010000000000000000000000
00000000000000000000000100010000000000000000000000
00000000000000000000000100010000000000000000000000
00000000000000000000000100010000000000000000000000
00000000000000000000000100010000000000000000000000
00000000000000000000000106010000000000000000000000
00000000000000000000000113010000000000000000000000
00000000000000000000000100010000000000000000000000
00000000000000000000000100010000000000000000000000
00000000000000000000000100010000000000000000000000
00000000000000000000000100010000000000000000000000
00000000000000000000000100010000000000000000000000
00000000000000000000000100010000000000000000000000
00000000000000000000000108010000000000000000000000
00000000000000000000000114010000000000000000000000
00000000000000000000000100010000000000000000000000
00000000000000000000000100010000000000000000000000
00000000000000000000000100010000000000000000000000
00000000000000000000000103010000000000000000000000
1200
1
1
1
Switches!